.map.range <-
c(-96.25, -29.3611087799072, -61.25, 26.25)
